%YAML:1.0

#--------------------------------------------------------------------------------------------
# Camera Parameters. Adjust them!
#--------------------------------------------------------------------------------------------
Camera.type: "PinHole"

# Left Camera calibration and distortion parameters (OpenCV)
Camera.fx: 984.2439
Camera.fy: 980.8141
Camera.cx: 690.0000
Camera.cy: 233.1966

Camera.k1: -3.728755e-01
Camera.k2: 2.037299e-01
Camera.p1: 2.219027e-03
Camera.p2: 1.383707e-03
# Camera.k3: -7.233722e-02

Camera.width: 1392
Camera.height: 512

# Camera frames per second 
Camera.fps: 10.0

# baseline (m) times fx (px) = 0.54 x 989.5267
Camera.bf: 534.344418

# Color order of the images (0: BGR, 1: RGB. It is ignored if images are grayscale)
Camera.RGB: 1

# Close/Far threshold. Baseline times.
ThDepth: 35

# Transformation from camera 0 to body-frame (imu)
Tbc: !!opencv-matrix
   rows: 4
   cols: 4
   dt: f
   data: [ 5.50936226e-03, -2.59911920e-05,  9.99984739e-01,  1.07707792e+00,
         -9.99983914e-01,  1.40184846e-03,  5.50939305e-03, -8.06674137e-01,
         -1.40197035e-03, -9.99999014e-01, -1.82704570e-05,  2.46121334e-01,
         0.00000000e+00,  0.00000000e+00,  0.00000000e+00,  1.00000000e+00]

# IMU noise (Use those from VINS-Fusion)
IMU.NoiseGyro: 0.01 # 0.004 (VINS) # 0.00016 (TUM) # 0.00016    # rad/s^0.5 
IMU.NoiseAcc: 0.1 # 0.04 (VINS) # 0.0028 (TUM) # 0.0028     # m/s^1.5
IMU.GyroWalk: 1.0e-4 # 0.000022 (VINS and TUM) rad/s^1.5
IMU.AccWalk: 0.001 # 0.0004 (VINS) # 0.00086 # 0.00086    # m/s^2.5
IMU.Frequency: 100
thFarPoints: 20.0

#--------------------------------------------------------------------------------------------
# Stereo Rectification. Only if you need to pre-rectify the images.
# Camera.fx, .fy, etc must be the same as in LEFT.P
# Note: LEFT.P is constructed from Camera.fx, fy,...
#--------------------------------------------------------------------------------------------
LEFT.height: 512
LEFT.width: 1392
LEFT.D: !!opencv-matrix
   rows: 1
   cols: 5
   dt: d
   data: [-3.728755e-01, 2.037299e-01, 2.219027e-03, 1.383707e-03, -7.233722e-02]
LEFT.K: !!opencv-matrix
   rows: 3
   cols: 3
   dt: d
   data: [9.842439e+02, 0.000000e+00, 6.900000e+02, 0.000000e+00, 9.808141e+02, 2.331966e+02, 0.000000e+00, 0.000000e+00, 1.000000e+00]
LEFT.R:  !!opencv-matrix
   rows: 3
   cols: 3
   dt: d
   data: [1.000000e+00, 0.000000e+00, 0.000000e+00, 0.000000e+00, 1.000000e+00, 0.000000e+00, 0.000000e+00, 0.000000e+00, 1.000000e+00]
LEFT.P:  !!opencv-matrix
   rows: 3
   cols: 4
   dt: d
   data: [984.2439, 0, 690.0000, 0,  0, 980.8141, 233.1966, 0,  0, 0, 1, 0]

RIGHT.height: 512
RIGHT.width: 1392
RIGHT.D: !!opencv-matrix
   rows: 1
   cols: 5
   dt: d
   data: [-3.644661e-01, 1.790019e-01, 1.148107e-03, -6.298563e-04, -5.314062e-02]
RIGHT.K: !!opencv-matrix
   rows: 3
   cols: 3
   dt: d
   data: [9.895267e+02, 0.000000e+00, 7.020000e+02, 0.000000e+00, 9.878386e+02, 2.455590e+02, 0.000000e+00, 0.000000e+00, 1.000000e+00]
RIGHT.R:  !!opencv-matrix
   rows: 3
   cols: 3
   dt: d
   data: [1.000000e+00, 0.000000e+00, 0.000000e+00, 0.000000e+00, 1.000000e+00, 0.000000e+00, 0.000000e+00, 0.000000e+00, 1.000000e+00]
RIGHT.P:  !!opencv-matrix
   rows: 3
   cols: 4
   dt: d
   data: [989.5267, 0, 702.0000, -534.344418, 0, 987.8386, 245.5590, 0, 0, 0, 1, 0]
   # data: [984.2439, 0, 690.0000, -534.344418,  0, 980.8141, 233.1966, 0,  0, 0, 1, 0]


#--------------------------------------------------------------------------------------------
# ORB Parameters
#--------------------------------------------------------------------------------------------

# ORB Extractor: Number of features per image
ORBextractor.nFeatures: 1000 # Tested with 1250

# ORB Extractor: Scale factor between levels in the scale pyramid 	
ORBextractor.scaleFactor: 1.2

# ORB Extractor: Number of levels in the scale pyramid	
ORBextractor.nLevels: 8

# ORB Extractor: Fast threshold
# Image is divided in a grid. At each cell FAST are extracted imposing a minimum response.
# Firstly we impose iniThFAST. If no corners are detected we impose a lower value minThFAST
# You can lower these values if your images have low contrast			
ORBextractor.iniThFAST: 15 # 20
ORBextractor.minThFAST: 3 # 7

#--------------------------------------------------------------------------------------------
# Viewer Parameters
#--------------------------------------------------------------------------------------------
Viewer.KeyFrameSize: 0.05
Viewer.KeyFrameLineWidth: 1
Viewer.GraphLineWidth: 0.9
Viewer.PointSize: 2
Viewer.CameraSize: 0.08
Viewer.CameraLineWidth: 3
Viewer.ViewpointX: 0
Viewer.ViewpointY: -0.7
Viewer.ViewpointZ: -3.5
Viewer.ViewpointF: 500
